time,phoneme,F1,F2,F3
449.67932186872514,a,698.1091953737022,1555.9505023799131,2168.390584097364
450.88981591912636,a,634.14009157714,1537.702302651936,2417.5861264331083
451.9977021364342,a,677.7156024642911,1610.8315578179313,2957.561426664764
564.761787870995,a,669.9052403919598,1526.1193677156077,2014.7987866052927
565.8702038581482,a,653.6780804749863,1348.607104361019,2306.0553527333673
566.9171360617304,a,670.646633347937,1588.820252870235,2553.7158874978268
757.18302648964,a,649.7986983429017,1638.7439083727102,2284.247059550429
758.4736441470225,a,608.7031164417399,1789.981394762371,2124.7111250421435
824.5739020472558,a,715.2021009057904,1684.4100869435954,2526.032706025884
825.7702935508017,a,722.2192112014162,1716.6581038323905,3034.532017630988
826.9201018124782,a,626.795824534149,1698.4390627892328,2658.4387866462266
851.3915987644618,a,668.2696699474147,1639.092466421782,2286.3554634022653
852.5917980856189,a,659.1771019799305,1644.477070268305,2453.2804791610365
875.0117853145448,a,725.6359074123977,1639.3650839829215,1897.9754950882982
876.2675302726739,a,664.0082636393084,1694.2423814276394,2191.434559800322
877.3144723744305,a,611.7327854546326,1685.7957739800465,2149.5431858424
902.1165668789597,a,617.3826767111646,1592.6784980118211,2351.9779202688574
903.271496262498,a,603.1066346542659,1614.8441917347295,2098.850983608407
904.3628358878528,a,598.1458080127433,1581.1518402371844,2460.229742794113
965.7212423531303,a,757.6218331489358,1863.3347594698232,2376.0696709321696
966.8153197666234,a,712.0200499802784,1677.8632038042176,2005.9291944991141
967.7072851693795,a,718.0693183041445,1763.6477633387296,2407.4842797388555
1253.5406075675176,a,744.5945392233299,1541.3084884900547,2441.089426652902
1254.4942866932824,a,711.5424753526585,1553.2858719864362,1945.4570682624242
1255.314903747033,a,712.006922092625,1596.0167278473148,2563.96273757055
1278.9483216962874,a,700.4790880676355,1547.3736285074292,2374.101151042538
1279.987525131406,a,646.2889316743681,1598.0536954525812,1934.5950454293975
1280.9712046532848,a,671.6981230492397,1584.2840499526778,2746.567386057992
1356.2746739353752,a,773.1730146199101,1548.5804293858312,2679.948748605827
1357.452132608722,a,656.594738931908,1592.465835994246,2860.162564153226
1403.777219097692,a,696.3986949625274,1604.0347182268529,2670.2635522992755
1404.9993301825787,a,674.8194785670258,1594.229933089822,2368.8552787265457
1406.068287239505,a,620.4556979944475,1540.9773626770943,1995.3520657895208
0.8001024787819523,a,646.8902363411384,1580.6342428414084,1808.927023220085
2.083290267573615,a,715.5630027808217,1600.0371924477913,2354.3148320666064
3.275815577583332,a,619.9156096402785,1601.7137213662247,2383.906521187276
109.84801302950842,a,724.7749100673797,1576.0758847913685,1925.0860232045343
110.78593701563267,a,658.6251891865795,1547.1466280748648,2114.5940322279353
111.64708590821736,a,573.7915222838275,1526.0441658331533,2367.202370187859
135.0919384704839,a,669.6586589709541,1585.899560862188,2433.8889152150387
136.15992356877047,a,586.8332519215878,1577.10155993065,2238.5691064970797
137.1624008356684,a,495.48302128415156,1620.6624601005628,1942.7490905983484
139.62151849613304,a,506.42231229446395,1614.1833037582207,2136.0628341821553
140.70088375041666,a,591.253760938589,1623.2487084965449,2401.479858328733
141.51964945461089,a,499.90261995520217,1544.9393591299836,2159.7511537965493
163.4540330425432,a,503.08211943763706,1511.0255917465504,2109.4316249636186
164.520114283792,a,514.9684519825568,1539.8006007409615,2387.9524677962377
165.3005635519514,a,514.1195209750472,1635.463693862642,2299.466614771439
192.7012520601869,a,619.3938606470495,1673.6482523226643,2351.391467075249
193.91522279922242,a,675.022831977443,1689.9153296610223,2480.642659358614
194.98900411979199,a,686.8930681353838,1674.5823862410575,2550.1277204939347
262.3493308489135,a,595.0333076164418,1578.6938895688847,2434.9287245592154
263.70933458275147,a,601.9448532797596,1616.9693692971807,2573.3396262138904
325.03449280245076,a,643.6008208302769,1699.7140380837734,2378.0568506044688
326.0112978213735,a,631.6388744769265,1666.6814122550568,2323.1806266111303
326.9118058200514,a,671.4075082449463,1743.8589090039063,2405.728786674953
346.6922523955849,a,638.4952682142939,1674.52645232659,2240.3414693672926
347.64092355200387,a,606.7620467702827,1610.132508411284,2380.0207650188368
348.605168963093,a,531.3129499596877,1689.9039845450286,2510.5833481108957
364.65525842461454,a,753.443776771819,1546.563308439955,2034.0212675866592
364.88304937777104,a,716.7430722149077,1594.2106540009659,3065.676643309905
365.630892858626,a,702.5061119780175,1509.1521623905035,2342.4110715847755
365.8682087983839,a,656.7408463489452,1383.4066842467275,1625.9804796232856
366.574640619672,a,517.9564530768139,1515.928386956799,1728.6898652999641
366.811570168464,a,641.2147997719773,1253.6822420032797,1802.895470783704
375.2813936009569,a,677.3531608032469,1526.7503802672675,2616.2757594205227
376.3048373076535,a,650.1450534954455,1588.970037380603,2243.844050039686
377.24909914925604,a,636.0339996519535,1398.8408728058914,1787.0989922270458
399.162254644141,a,712.7985751971784,1127.3375067874108,1907.1037786159088
743.6709562659216,a,636.3024584360967,1314.5349550993299,2198.0608180723884
744.6259550154223,a,536.410000501023,1173.6984743761336,2336.597338467805
745.5001066411976,a,505.9424819933368,1291.5291083699656,2361.431190985578
802.976516519049,a,596.523400152679,1455.6413796068916,2288.253149507121
804.149161581595,a,607.6877775431735,1473.9972867905615,2486.9931229935846
805.0539663884908,a,540.2877424401007,1400.6215633106574,2425.997843293639
909.4259044056668,a,727.0045900504113,1563.9330826428331,2290.9925322906565
910.4381886033741,a,732.3074087536976,1560.1712621931833,2253.0364158322595
950.3435826998535,a,687.6228123341281,1563.5226477266667,2162.4122505769997
951.5251719747998,a,730.3423577936779,1543.8264395395338,2091.9939021016753
998.9442516587526,a,699.7115122003672,1575.251898026357,2223.0129426975677
1000.1657920081691,a,537.2295840493454,1489.5457708483393,2288.722113716923
1001.1072615492185,a,628.0462772798255,1568.0327202209364,2195.6665114172583
1042.3940764088838,a,760.222404394072,1610.5766979464693,3021.850688239413
1043.492535945098,a,721.9423706380383,1523.7730538640415,2922.161335131816
1044.3846065338062,a,718.6141193241406,1585.557361533505,3175.832371508303
1069.0255235990448,a,700.4764722592843,1686.9004477846001,2644.902534347969
1069.8657777907179,a,701.502888013216,1619.2926859863135,2204.724934304071
1096.6493523726926,a,694.3942716274898,1453.8000173495814,2945.028106804219
1097.3679140022377,a,710.7789907894885,1461.505270213517,3002.4026625399715
1097.9233572382261,a,722.9704029367571,1462.4169168084393,2981.064942833479
1117.6825794774386,a,814.0719111190521,1505.668581986923,2774.5464556122324
1118.9589576244844,a,742.202624755135,1525.6933978427585,2941.908829847791
1119.9202135221394,a,772.4485875255127,1478.5619903240581,2809.464581259311
670.0874503797716,a,706.9032415087173,1628.3768655789331,3048.8309946154827
671.4082923289129,a,682.4792579705539,1548.2104774746144,2394.5467765790036
720.9590742406913,a,737.6219410211414,1476.2863824607077,2390.438421591701
722.3898680187047,a,686.8405240166175,1464.8266621404348,2274.4473299011693
723.6028096175735,a,718.0571473061408,1692.7733520241509,2469.584283200765
778.2520021333048,a,735.9252090423853,1558.7669995702386,1598.4322636917511
779.3479012288922,a,694.907607849215,1486.9392704446848,2437.494917467033
40.71601359893526,a,532.7331689829155,1577.6289805228103,2067.3370757375887
41.851133596481276,a,572.4668950449188,1585.7001484453804,2146.3622015819165
42.83651077172982,a,606.4107117387871,1580.5775092356164,2927.2404292819365
197.69823551897798,a,667.5202527778853,1410.2497727219709,2646.3684371646505
198.90137919296058,a,644.1839906342461,1469.3938808489856,2731.865718154772
199.9211526637683,a,654.4049367841612,1468.620535472407,1792.1907732799405
243.7688353906874,a,784.3528237381158,1344.8960140707989,2011.086407647917
243.99250981190798,a,756.1075379451985,1288.8795028239124,1625.470969670633
298.2251312633157,a,765.5980766180945,1442.0568678641741,2568.259932001784
299.3194930924862,a,677.099020259352,1435.267026424363,2591.034665358515
300.2940252431768,a,742.2317431166429,1460.1937662599003,2396.49663460503
382.0641356305807,a,648.2649184847005,1441.892859454655,1942.445980774115
382.276119403523,a,586.3160433223417,1703.4866623829087,3148.6873738682066
383.3256680486826,a,581.1100945765477,1554.4442214598669,1708.5729334177101
383.54230943488534,a,402.58413348801366,1716.7556639625,2073.670166317651
384.42148181944367,a,632.0334842225337,1571.058643745048,1599.0524742984699
384.6518058195118,a,630.3788459759231,1716.6292633880207,2117.2568102347404
435.09206480018565,a,552.5609939231966,1735.082686609776,2881.7956514133984
435.2812957805038,a,633.101141609835,1796.2084570677832,2792.3508243737265
436.3124363516542,a,575.5550870050203,1237.4203483280428,1829.3388214676843
436.5148734756423,a,678.4126787151145,1815.6991470241821,3276.2288290728525
437.3887260207206,a,509.44074139293446,1234.763223534274,1920.3270387640043
437.58199910785606,a,666.987961068383,1728.228644379221,2921.224000900241
668.9302511424066,a,559.030196444565,1361.0652326102502,2239.9523139299704
669.1058679900887,a,616.8270100295018,1430.359410430106,2405.224917930162
670.1851737384332,a,598.0831860773417,1492.6682837554383,2473.8542903749935
670.3947288112806,a,356.740181144757,1468.6956046396958,2570.981569070714
671.3904139881965,a,376.97764055050993,1520.1640066333362,2403.7577078036397
671.5749271144027,a,544.9823120701353,1473.3999233484772,2472.0196594396493
1.0886029424516406,a,419.74179079888984,1480.2357768127456,2500.70320012703
1.2821200875793604,a,388.92930103092345,1530.7969715442953,2586.240291926974
2.525806638951167,a,404.64575200185527,1441.8812918835422,2559.64936072943
2.7048480921205145,a,573.9294665906039,1496.1688210313378,2562.3605644695876
4.084092825516921,a,601.5550994773968,1483.5344054114744,2579.8694554037606
4.273038699499891,a,545.262933115761,1459.2709200640747,2557.707499700425
28.435834585214177,a̰,672.5420146901615,1316.449542147156,2269.0737541488384
30.02149941473168,a̰,519.2793333017705,1295.2954335363797,2437.7890658155966
31.503552942830073,a̰,594.1713687243655,1384.3151409457491,2288.27113649195
71.21883949722931,a̰,587.8150339247745,1506.4823687869161,2566.443024185575
73.71376786960397,a̰,705.5405208089823,1529.828969351005,2310.0435674352566
74.9580379714015,a̰,661.3629721395743,1489.3071864024903,2295.9035647829246
76.26189278767399,a̰,705.8587828429527,1534.9559608168995,2358.6648507799487
248.43499630025678,a,654.3196699950308,1731.2287444100089,1981.6026583255339
249.44938849552642,a,669.6691519232277,1707.2695744506093,2133.8381128348374
295.03962699051783,a,649.9055935023837,1772.028212095284,2865.976592121398
296.22486224235706,a,611.1866862092255,1729.9501952354562,1879.9623061040286
297.2664162411287,a,606.637562739051,1691.3149679210078,2184.4948461273584
540.7402594086102,a,634.6022033638756,1576.6501339903773,2797.2051499850927
542.4095510204081,a,631.9882522379712,1583.3760544343393,2747.984098159676
543.6779243107794,a,645.034159715369,1531.3633034522024,2714.897257073526
592.7932619710794,a,585.591872277791,1481.5442247298038,2648.2595020004874
594.0680262396888,a,661.3624131183348,1671.5698712040353,2718.4064747463754
595.3028067126945,a,659.3797809015732,1637.1314639206976,1784.2356309775982
941.4905171035105,a,578.6272774649262,1672.6006402142727,2158.6735851937674
942.8167539340033,a,525.3579811982091,1696.9090294920409,3115.673524607853
944.0434809545293,a,526.6725192172129,1518.2344920374278,1668.0198241327682
1039.146746351756,a,653.2589635362778,1711.7850190261015,2060.170658095727
1040.3658938039234,a,702.6361179557124,1713.1440684093172,2037.054999424582
1041.4968183264687,a,735.147482499106,1801.7449904546465,3059.1793106703894
1073.9577414691169,a,653.2425265986108,1546.5881382963628,1985.1771200802866
1075.0908884317569,a,610.7868223721729,1607.9954751085822,1936.93493664964
1143.700908944168,a,697.9026174295705,1447.2240113122027,2699.3850418130082
1144.9229854768976,a,700.4822632523394,1488.27305549245,1691.1496761963647
1145.916027130993,a,713.6312797351657,1508.2714493805363,2069.757300352679
1298.6073064656102,a,747.4252962132675,1599.845069556924,1679.7316168376333
1300.1651182726314,a,721.3238052419404,1441.7933072134208,2034.9108082365265
1304.1515312724423,a,754.4596326422139,1564.4419108959453,2905.1741672460666
1323.0603547307483,a,681.6637805157524,1574.522599773119,2527.3362862460826
1324.6339385538697,a,693.1236163868828,1520.0661121099567,2587.357926633344
1325.9145404221815,a,683.2032473684607,1560.6383544289833,2683.019004766209
132.58423634650745,ə,343.1151777795076,1443.5559723285637,2593.316879439673
132.80315406256872,ɛ,608.8968048344407,1839.6486673709762,1947.1093330390022
133.88128024940738,ə,365.5360753384126,1426.6426543758676,2980.4586378974996
134.09525625630246,ɛ,552.3810547018093,1871.9166984383367,3034.507465925025
135.03528104243992,ə,337.95230447871745,1437.5833088273882,2690.8375139942336
135.25520973411687,ɛ,544.8411349004891,1768.8147107711507,2980.535951330217
328.8685897904386,ə,366.3651680791165,1693.5995849765075,2558.1527321427648
329.0909630142726,ɛ,438.57298550710345,1888.5925760898333,2228.0170626963213
330.1843233368778,ə,344.4991058546766,2420.454167024094,2939.5744253805537
330.3992033312662,ɛ,464.2312341734309,2195.9552386682176,2239.3348344815527
331.3985200931488,ə,326.12948624387735,1358.111564424085,2488.4210309721934
331.6279054718141,ɛ,424.411219047984,2188.6547141869814,2313.5731866315195
333.22186080344824,ə,354.6948294537114,1912.713641875246,2604.9685889968227
333.4448093475081,ɛ,425.2212757546777,2232.52658994086,2341.4529961727785
395.41516504268986,ɛ,588.552724162445,2050.7396206407407,2798.058194827836
396.5571142278004,ɛ,572.0618550664124,1971.719988958315,2487.3732389244433
397.656316139973,ɛ,565.1886191871113,1966.2439498259405,2575.3258978100275
398.66045915069014,ɛ,543.0660228718997,1887.0819890748726,2519.422054575907
423.7936710666115,ɛ,466.6407171864186,2027.9326123752037,2481.4448083216707
424.8583300367299,ɛ,467.9958860791833,2104.0711291523276,2312.2047259949927
637.0580883278328,ə,373.7839660145802,1927.7013765084953,2461.2964470354923
637.3149278656667,ɛ,496.1772698773871,2178.0604027362424,2730.374589210278
638.4206610446856,ə,320.45434061077106,2091.9237957187165,2516.7969826893423
638.6618320694156,ɛ,468.5921385432078,1713.1353150956209,2188.185801005563
639.6716727453493,ə,321.8105751014529,1995.7771024877713,2910.495682818955
639.9086750831068,ɛ,424.6497857721781,2233.329474302289,3059.4627310103133
673.5249505334011,ə,345.89191617628376,1909.8958124309734,2511.5772617667076
673.7854453241415,ɛ,447.3584945327743,1604.622250929937,2383.195223889378
674.72256944384,ə,311.2055934736199,1698.5801936735772,2429.0644546200547
674.9614421373252,ɛ,447.1780817364763,1818.2587113593286,2222.990049179062
675.875674778928,ə,298.19725295972563,2339.192756309738,2463.4485685493864
676.1214161461653,ɛ,456.3602951155347,2148.8228186026245,2835.0684477849054
756.9640107739817,ə,553.7733569978253,1796.5283769142281,2494.265280078166
758.2385189006806,ə,449.0980203472949,1835.4700265962792,2499.29245900542
901.9235576528481,ə,526.0357893142308,1740.222763569991,3182.4964538735353
903.069160450199,ə,596.7413784228523,1649.519172511032,3051.4748890505216
904.1754033202085,ə,524.5812693461204,1623.1411857801668,2619.384681568785
1302.905251606005,ɛ,408.9114646977093,2295.0427710069735,2530.4233547696117
1304.0140993807959,ɛ,384.77838330218697,2208.1702976415286,3228.5784251990776
1305.055265154851,ɛ,390.5891467565596,2292.769258855553,3312.1310182959564
1329.1957961763214,ɛ,512.922652553172,1827.3011375028677,2709.96504704506
1330.112570625963,ɛ,477.410963647506,2354.2654803901582,3102.2489116631104
1330.845172975623,ɛ,484.79196143417624,2133.5753723988937,2204.574627753943
1383.628703313703,ɛ,562.7912074811912,1953.1075623488925,2927.905329224905
1384.5028787599224,ɛ,561.8205499072568,1949.901580244558,3052.8939174521793
1385.2372043924402,ɛ,547.0715558779742,1975.8468152323326,3112.1551882003637
192.51257011550524,ə,445.68169226768475,1797.2251258307483,2756.6106282409746
193.74152395081325,ə,371.3226292502486,2132.6598401193146,2603.335436779042
194.7976371922112,ə,447.8985450191492,1757.6124780703672,2424.1924007053417
262.1242750305596,ə,341.17447853150753,1593.7944358970226,2521.4794057958347
263.495392936583,ə,374.29616386339904,1800.9637621067882,2572.89574068874
375.04041733851614,ə,639.2743589326417,1558.172670740981,2402.03717759405
376.0901218300079,ə,531.9674310957097,1544.581614128675,2526.488941819208
377.0495517615594,ə,563.2257612549431,1429.6338109058815,2431.456778908968
383.5639373469687,ɛ,573.55129829008,1716.889202947742,2303.7694626978755
384.5001428695168,ɛ,511.54022663323497,1668.0442110145589,2368.887706499015
385.30249821147,ɛ,500.1340418120502,1584.033319743812,2429.714067430226
399.34703371110203,ɛ,494.4746264569534,2199.271948418304,3165.87076787436
400.897405831779,ɛ,495.73684746105,2001.324654237496,3162.75649708684
401.9750580348695,ɛ,509.58057553158227,2149.798715565168,3003.5637084756904
402.8674244219188,ɛ,516.547217241541,1722.2527258462649,2279.2458276952857
403.6861024582901,ɛ,491.2234673934832,2294.8313991276423,2696.188937649438
565.1908120837338,ɛ,513.8596407309304,2081.644079641029,2801.4573687289667
566.4313195106831,ɛ,504.4298703717207,2011.9399399065342,2732.279818607583
567.6723554075596,ɛ,482.84844466569695,1817.0810396240047,2759.681077004697
577.2470195900825,ɛ,601.4532249288616,1981.4155418535008,2706.34154312963
578.4053870078089,ɛ,541.4317797274326,1971.6591063413882,2725.7620700963034
613.4568045022299,ɛ,519.2059791136727,1608.8878799830677,2132.208446689992
614.4968577918337,ɛ,557.3025167218152,1786.0518375381257,2174.250356788285
909.2047523430424,ə,395.98110217606285,1391.9079079872265,2261.044795645593
910.2218403423415,ə,373.1553204003588,1442.4469037623394,2412.1285457302515
950.0971184212322,ə,483.8157456522655,1563.3137149751487,2437.9120001178176
951.2857095222757,ə,433.51256617634067,1599.316811438661,2550.7861282187055
1129.7820725707677,ɛ,590.4577527427963,1994.4149384460825,2387.429229669987
1130.822104688501,ɛ,584.0884363247366,1445.6352653148215,2346.8101710585283
1131.7225523083898,ɛ,581.7904078750964,1344.8449234960035,2383.375219369663
1149.3627835977832,ə,527.7753831567967,1578.3463742165513,2408.720130474377
1149.591510697121,ə,572.6096219569063,1640.487008188772,2342.0607194356776
1150.3838476989604,ə,524.434487516876,1552.6316831543393,2391.429274556277
1150.5757786169906,ə,499.8592068628298,1615.7836197481777,2369.91105636511
1151.2927912533103,ə,557.6060553266711,1584.5484328739965,2467.9596635655435
1151.4877121214645,ə,558.1567968213145,1632.1247516994877,2279.8349492968696
1193.9770317531465,ə,383.3982236271934,1986.3059379307256,2670.7293126372365
1194.1488992608315,ə,354.6127576201121,1610.3362179210321,2600.323497896046
1195.1372824164173,ə,293.43618611172275,1880.6736736448836,2648.9582832282017
1195.3294562077363,ə,333.37485243756515,1583.0406797910475,2510.23527079013
1196.145975361586,ə,291.9201032356107,1543.345599300537,2702.7787492693146
1196.3230798293393,ə,323.8319517339937,1430.8459189839318,2565.11051575793
286.69957951630204,ə,331.23571482821745,2518.951040286526,3038.9462279346044
287.77535167224397,ə,345.01248723175854,2524.745710947827,3152.8748951215107
288.8174348207776,ə,350.69000752483726,2441.2059988731057,3108.4376928387137
367.8264613679345,ə,364.16276377035103,1864.2670261740498,2420.0195443158045
369.0530804706947,ə,333.4606165126799,2540.0208485940043,2897.327779206612
370.1993678015741,ə,332.9693887619026,2245.123411552914,2844.9360283772785
410.8309155579583,ɛ,382.4779613960446,2405.859876257024,2656.0919443524267
411.8555159316814,ɛ,382.2806474193898,2323.375974625711,2562.62103796132
453.60309339561206,ə,306.92500348197154,1595.2332917664473,2571.3751092861667
453.85859974792993,ɛ,339.65807669426283,1985.3990822494882,2459.260129528999
454.62518742475106,ə,317.3653395619763,1576.1208150660136,2613.713952474182
454.8511190379961,ɛ,365.26495020432935,1895.0879770417575,2466.8273159672635
496.9768133994008,ə,283.74720912313916,1934.281006158934,2519.314311846528
497.18206433262435,ɛ,465.0470283755196,2118.9345797711812,2177.1467761043627
498.1536859018862,ə,335.0097085674656,1946.6159483658187,2828.862531913294
498.36545273775175,ɛ,462.2260495736432,1950.473087584587,2755.0277326733553
499.1606504918361,ə,273.7089937547069,1941.1162098134898,2877.706386939594
499.36455170236957,ɛ,440.73068045458245,1930.5129948172714,2723.3827098129386
622.4556723305858,ɛ,509.1161445089216,1624.5402858407772,2502.0766451983836
622.684602806277,ɛ,576.4016269094375,1771.891739526599,2200.874741155852
623.5645061583352,ɛ,490.4511634804206,1625.50605315914,2662.051027204139
623.8072514041112,ɛ,559.4402553432427,1817.5302122522746,1913.7419426114213
624.612855038943,ɛ,442.400119026705,1463.6368273115727,2822.1085746324193
624.8454363888027,ɛ,525.9861495264674,1893.839298565026,2839.6422554651854
669.8310920072765,ə,528.8798242097312,1676.3468632384831,2414.7208202794136
671.170507579549,ə,524.8805115540945,1592.165902715996,2413.332013020495
720.8089927821318,ə,627.6173854883496,1655.182157063744,2682.2051051525455
722.2217535166747,ə,373.4447483155851,1332.8223815038712,1783.3002533782717
723.4230969550642,ə,487.1926809766142,1613.084628789541,2159.4424345391744
1079.1569896492679,ɛ,440.06668207044487,1751.5122678623186,2778.848915604343
1080.4942324481326,ɛ,433.5616281069898,1955.754646683264,2927.1141293894802
1081.6587174131275,ɛ,428.4797651014197,1472.6320931250787,2869.3222043767623
1126.6937610884352,ɛ,381.94871398175275,2457.0378461478467,3659.304755669169
1126.8226201234402,ɛ,398.6828160718131,2073.480228439993,2431.656465921323
1127.58226409695,ɛ,511.010667179787,2109.07668349319,3043.078349072833
1127.7502659134116,ɛ,390.6305633888536,1543.765184146768,2461.12529678348
1128.3825936727303,ɛ,416.26046791015006,1537.129345339609,2307.698173003235
1128.5233607795399,ɛ,362.1172105099271,1544.8170628694247,2483.6856846566557
97.37123956080548,ə,386.6134380717763,2073.978120245732,2655.6664238791113
98.90016211444785,ə,352.0339403092107,2189.8547543739905,2712.2792093287035
100.16167048001077,ə,365.07727644115687,2369.3159953041227,2780.0172449975444
175.41014976856331,ə,237.03496856172197,1728.3281382957348,2504.0946422803563
176.63894331406942,ə,294.2005735080595,1838.9175109243438,2388.6170069464492
177.76179362703058,ə,293.2317512234576,1641.5611792265213,2417.0441335307664
224.608052954183,ə,368.6558767560357,2243.180567149653,2516.8344724832773
225.82315674226243,ə,348.97925132292875,1389.2568568671159,2402.005843558069
226.83033563497764,ə,329.8838463092252,1716.3900038675645,2194.18515822785
386.35307074739256,ɛ,565.6212880364269,1389.3307319567966,2697.2260752237753
386.4475708219637,ɛ,480.62779496445927,1879.8161456877385,2880.43075614318
387.9640027604006,ɛ,522.7197106034315,1312.6064872055306,2765.134090377486
388.07091193567294,ɛ,370.4615061269877,1747.9023330197113,2346.789466585645
389.22518459214086,ɛ,551.6691574617929,1456.3473974187584,2801.231918123831
389.30741810509414,ɛ,446.296170644467,2150.843521711531,2629.4780733377324
435.37111742744435,ɛ,448.4530961527557,1688.7960166927126,2898.0592658822725
435.4550358025859,ɛ,364.65394252357027,2001.542548088642,2454.148639239794
436.5057398255103,ɛ,416.50024795750596,1535.3459319876822,2373.970462265006
436.58508369644073,ɛ,416.22523064773907,1245.5435430086552,2105.52056396638
437.5076764718763,ɛ,397.02443516071514,1668.4579052393512,2540.3634443280766
437.58556306268804,ɛ,393.595506215659,1978.8699817459901,2771.19320120549
461.3183909401811,ɛ,549.3586894981399,1873.209282322943,2067.2314225932237
462.8058891668603,ɛ,539.0881344263617,2044.6331715019014,2056.34421024369
463.92474446903634,ɛ,536.6811096060783,1960.5239568571192,3196.1642101532198
504.13970869385105,ɛ,506.07298657617906,2155.7536472098486,2943.5886431966387
505.6618813082605,ɛ,515.317725633405,2036.2946283756185,3122.2849744185446
506.9603986885694,ɛ,479.9308808783322,2072.446267513244,2998.276456759347
624.1999383354506,ɛ,364.0380742694485,2034.3804877874766,2690.278776075657
625.3925136633599,ɛ,382.5169890914722,1765.4794447550491,2672.7240976265657
626.4132128906003,ɛ,466.9863935500303,1581.1812867837623,2767.3462596612794
676.9886512575013,ɛ,279.39716998626267,2251.2105589815137,3194.0630982421426
678.0763086817137,ɛ,341.09655940894726,2421.407006233919,2584.4244520498496
679.115593073602,ɛ,953.3184171933117,2536.3025828316063,3498.7300256306057
755.229756201865,ɛ,494.52002680098536,1587.1469248684532,2776.6736833412747
755.4172244932558,ɛ,528.2973382968091,1856.1014150150797,2510.301222599032
756.4022522230571,ɛ,500.1876835119762,1306.5726207320124,2342.8018777977954
756.5748523396132,ɛ,531.1369362669262,753.0234635041122,2339.7821706555314
757.4377272160698,ɛ,473.2669410928501,2371.2917698225424,2486.2702179286757
757.6314116714783,ɛ,504.42956067364736,2229.384893419458,2532.5957133923375
798.2409969269361,ɛ,523.6436714633808,1981.0347884851412,2437.626921741288
798.4548770071631,ɛ,522.055931960795,2131.0953674415,2314.145294025001
799.5452417799162,ɛ,509.16190455140554,1864.738620227135,2504.544933250537
799.7502563645898,ɛ,487.71799698895603,2118.89021671151,2146.714510220628
800.7222074957156,ɛ,509.05863128308937,1984.0357723863797,2328.8733980663087
800.9341251615623,ɛ,506.20839724617895,2093.048036334547,2217.2048371892633
898.841964045203,ə,313.5771579739993,1216.2998892445505,2456.4244097978594
899.886076228016,ə,310.314867355012,1756.7401869122928,2522.1970197137784
900.8003280853778,ə,306.2075294654033,1663.7551044869222,2433.140064717484
1039.39817699043,ɛ,380.9779402382018,1794.565864505315,2890.142049585007
1041.7388158025283,ɛ,347.089572958094,1186.5947053097404,2508.597171701713
1074.1786693100717,ɛ,356.49395084098734,2311.495918608323,2676.895813563937
1075.3183748151,ɛ,391.84483919885605,1836.6429388425556,2221.6117337669857
1122.730483858251,ɛ,436.4992649351767,2350.734658081254,3129.708478330852
1123.8335799142587,ɛ,403.5015473323716,2431.763447116932,3093.63162971519
1124.863611590323,ɛ,399.62659770884505,2400.0034643592844,2893.840772410822
1143.491802416368,ɛ,399.97999844184824,2206.798398539441,3027.097668977463
1144.7112360048802,ɛ,381.78743402973834,2203.806212736846,2815.265001955886
1145.7158014397658,ɛ,355.11661947456923,1919.9812748255883,2716.996485889183
191.27782775203193,o,345.4532166054816,956.1631688981486,2478.5620618017533
192.6359462284874,o,330.923796195204,873.887839727829,2475.0685445864606
193.79245100958718,o,329.32787396953876,976.4202619939256,2501.3668483269703
262.94098514091957,o,336.88212209319505,1098.3485174230195,2385.846700319933
264.14814430051183,o,319.4662845790261,937.5556942229496,2165.0341948218243
265.2399088643882,o,329.4455003331945,1090.1355566225134,2310.0822376277447
1064.3507807364979,o,540.7420379937443,1009.3862071099802,2018.1386998048667
1065.516570134304,o,547.1360233260875,1002.4470364553897,2319.044672945654
1066.5825736480601,o,531.7481284653378,1040.1905421359713,2460.2162265994652
1125.2324566253087,ọ,431.41805904728716,1010.8435002855198,2373.897969652961
1126.3158630246721,ọ,448.6996175926168,960.8906379543967,2281.7888266473988
1117.4454815988024,o,497.3635073698539,1179.8952659438498,1778.751691279998
1118.7068625908742,o,524.7879806205606,1064.6926034925075,1446.5431339446156
1119.660331947237,o,568.811085725632,1202.770981194684,1318.3486007858387
120.25375621945304,o,313.38626344915986,908.0006206647311,2540.343803300257
121.30971361737168,o,312.5932558261597,961.6523389916316,2483.1771857502563
171.2064302508627,o,325.30388763445126,878.0455229489171,2545.4795555331575
172.30594194963277,o,318.27890818805565,959.9686408500696,2507.021916016245
173.22618755947195,o,299.98450138512806,939.1542428683853,2556.1286125415763
542.0983201671115,o,502.7249527835634,814.4873095214327,2063.832004207035
543.0024276335482,o,530.7696811311409,961.5024776212101,2219.3991131595876
580.8453969704926,o,364.697271326589,760.4294431168916,2184.1087298353946
581.0939376504673,o,302.0895682023341,801.4051533049859,2291.311507602585
581.9965536554831,o,349.1385427737561,753.1195385266781,2321.413707724783
582.2517474158703,o,370.81545792693714,897.3281728488369,2532.806689026456
583.1103054012779,o,271.011305990084,816.6397614592034,2262.096338011008
583.329704692711,o,295.4112978866372,871.429366150104,2528.114545996511
96.14228637465122,o,622.5789463798224,1183.5615313335975,2063.5707185106457
97.1623893498641,o,562.1509463940034,1352.1505043074974,1799.8817499135728
98.0262638384166,o,529.2925916545918,1282.5338346584422,2831.02102898912
140.98506109858684,o,470.5638677465907,1163.4642150105228,2475.9862351414786
141.23948235118854,o,359.35602529458777,1029.7068915284271,1824.2560483065224
141.941559341917,o,421.27741861495457,1306.2481604373957,2416.001847358531
142.20475374116015,o,359.6212277877939,884.6727780144137,1936.5246329178585
186.4299685389382,o,473.7119091210693,864.2094546627429,1737.00291558649
187.72620937914868,o,341.04342037187416,753.5611433393076,2409.128934973364
188.78595559456164,o,298.6770661591629,846.3867222475436,2368.9612046398524
205.79751700806807,o,427.1457152914668,870.8068575707217,2163.545417095304
206.7250638132018,o,475.252099072938,1003.1311286232915,1866.3291295610802
214.7566690581035,o,475.4189680244753,1183.9375326640913,1582.212625689285
215.69823414792478,o,412.17875525588306,1109.4910462095975,1548.7614293053157
216.60702766060055,o,462.5277587078204,1161.7638202361293,1224.7156645980963
411.42868204790443,o,351.4399299927585,738.1440195164961,2250.4711222379037
412.6625490950548,o,339.9321829031161,882.9773144477856,2590.2499516036473
414.34381041383784,o,340.2575729634463,787.3309917953551,2466.1776836501454
535.8542653562193,o,566.1836959561366,1325.1951930502935,3063.616630307379
536.1585443798713,ɩ,440.70030411660775,1490.6037869673585,2474.9788916640327
537.0520212540432,o,556.1999740588002,1223.7636368156243,3011.455316462509
537.3248087810064,ɩ,551.2282495981172,1580.0519858737657,2486.6415715757003
538.1797885955759,o,593.0371967699186,1242.792543435854,3002.0107175660705
538.4557295908455,ɩ,428.22474231155235,1495.0644489411195,2531.3680062833887
584.994017496995,ɩ̰,380.3401298594372,1272.7541313562504,1579.829065018325
586.2062266020091,ɩ̰,388.27539248234785,969.8365733349382,1614.0050633773176
587.2267130020092,ɩ̰,412.178253584994,1746.7271881700121,2499.550700281567
28.154040735450693,o,573.5717205036407,928.151237929104,1871.2397370477083
29.773635370833855,o,557.3360347840539,966.6015331615267,2322.8447528851775
31.26984638616025,o,458.5210454953634,692.8811994616235,1728.7478769987415
175.19343757934854,o,330.89037406560055,1059.323271392585,2405.840702910753
176.3839793360183,o,318.3568581413017,968.7682036801656,2483.4695798046373
177.52531750214888,o,324.22325607182086,975.8521859678618,2376.64141559339
435.1496421281015,ɩ,306.17258125137255,728.76234538752,2317.1323726999353
436.28920653872495,ɩ,263.7939051917296,1582.63647919539,2471.8033962533264
437.30672906758207,ɩ,273.31489538032474,1127.2182574425972,2331.3755999028212
503.72309549664254,ɩ,363.23493708705286,2382.64397128611,2435.3387734913167
505.230348079196,ɩ,408.2889507673652,1893.614595547354,2589.2387414794907
506.5480418277514,ɩ,344.7154005671387,1165.6785581715599,2493.9641116311846
676.6609041331171,ɩ,331.9937073964167,2339.9158893034582,2725.6598404359497
677.7189491751858,ɩ,308.34807263720245,2357.869588777742,2632.528421656696
678.7483180913498,ɩ,311.439888281526,1428.2777297565892,2436.038500977777
699.1298571015418,o,392.70255436925066,1118.8301075970287,2530.2811271103606
700.1569819679501,o,393.4908737625481,1156.223202240377,2487.056816751567
701.1233536646325,o,344.7725915512157,1283.9091398761946,2720.942719418419
721.4859954312603,o,342.8609005538299,1228.897110252867,2388.5968385890105
722.4633010580116,o,344.50779576199204,1262.4859399889065,2427.050221701981
723.472545784685,o,381.32762941060474,1239.0115214705272,2367.8976166624025
798.002182640465,ɩ,379.30061065250356,2425.5466900062,2950.6950718130233
799.3017809208811,ɩ,355.4534638981258,900.8453185838519,2524.853643858932
800.4997795645897,ɩ,312.9090689463512,1216.19003823271,2423.1842224797756
877.4356843941073,ɩ,361.5785808614765,2462.508690466813,3042.765130924476
878.5883999891878,ɩ,324.44389791132903,1537.5578004884796,2556.59960161221
879.5105565833221,ɩ,323.07239419953896,2471.7569053970396,2807.8005707486486
881.2051927596701,ɩ,373.0868885360096,1841.1676106145233,2334.265498810334
941.3146770248595,o,543.4178903280623,1059.3575146246892,1768.312140196726
942.6267715040179,o,493.0725895976765,1169.7905676198498,2313.1111837876156
943.8647959024747,o,444.21707285627184,1156.0369326179075,2326.2908816777217
965.7835730813354,ɩ,287.2700943155212,917.2730203257897,2369.6737602721637
966.9190619290175,ɩ,271.1758573148782,946.5901044652206,2528.5705681371473
967.7522079919208,ɩ,267.90619700427055,1159.711254686173,2479.1143137490353
1013.5214088819218,ɩ,424.1441438611306,1993.026628360821,2331.8418366243545
1014.4838401260722,ɩ,398.2682432655891,1117.1784236104,2383.0717878411238
1015.3884769379472,ɩ,381.72783303914343,1105.1769587971903,2321.822545258269
1073.7565393282473,ɩ,333.4860854139125,2059.4301315567873,2613.6260566124733
1074.8848259111787,ɩ,340.098221051299,1333.0599906575585,2452.6007262464077
1162.7452253288284,o,394.2271972442477,765.2420646563951,1753.1671377838697
1163.9829321973239,o,324.1509464468688,804.4709166079089,2406.1672833580583
1164.9919003411273,o,323.4926480891301,796.2784766850102,2534.533982291731
1203.7619988160304,o,563.8460521400422,1332.5255389396773,2881.595177148596
1203.9796304045553,o,573.9371922597045,1043.3714678223198,1729.762923057103
1204.9881567536122,o,590.8037559800699,1112.5373473198676,2825.9065787777813
1205.2107418456362,o,537.8869302599177,1007.300063082785,1529.7204360163732
1206.165764438772,o,565.0053271949732,1152.9521562916877,2812.491980921494
1206.3658092683127,o,525.3571901747687,1005.0290823855388,1594.0450770640698
1224.8804879725367,o,517.421376060503,1148.5368573679448,1566.791513947955
1226.041015139992,o,490.68014180008873,1020.7214037749242,1627.119678459509
1227.1178172834166,o,479.7296279405043,974.3903961375083,1708.6394606211275
1248.4324285459452,o,576.1846531119331,1087.2968547000637,2830.6558148567183
1248.6097379786445,o,572.0284257534386,1237.50023815009,2838.4783327057817
1250.4140413046687,o,631.5265964509489,1104.198210941889,2830.957162078608
1250.6534254786698,o,524.5022830780301,1181.997924259576,2958.1257891261375
1277.397595675091,o,561.9200477400592,1147.5961879115703,2046.0231139937455
1278.5943616769832,o,486.3418389037366,1094.1638947109052,2047.203662962375
1279.5928261008244,o,452.2743732685878,1101.8429643043626,2359.7645499191926
3.1624021368137027,ɔ,401.51215871153283,1186.7638633631736,1728.2632790902749
4.329364235548429,ɔ,345.3396149227152,951.310144891249,2075.005245701573
26.37568882383866,ɔ,532.7021147209903,1076.0736188980736,2073.113147367725
27.371635379755446,ɔ,517.1071981435885,1090.4271527038306,1759.8765193981535
29.448058442137302,ɔ,563.1390850495827,1050.5489381882765,1599.8422911611385
30.584423330667477,ɔ,521.0113271601648,962.0412676157027,1658.7226330209267
31.50788313751961,ɔ,532.7812907791263,1065.679684695777,1850.075886739713
21.613219890976215,ɔ,423.09530546737557,990.5908903639796,1548.832084753559
21.78844577555521,ɔ,544.2359904067276,1147.8086553875537,1475.0912465955807
23.00623294679457,ɔ,575.5064576810621,1260.7922731961546,1369.827940412326
23.181621783123802,ɔ,526.9208245164081,1269.3317587945578,1739.470246072421
24.105928689462495,ɔ,561.3737500934269,950.6117361319666,1383.0867070436393
24.264700080190973,ɔ,526.5691013047792,1270.026340062055,1895.3769370645143
67.85037514547008,ɔ,569.2143365010942,906.421274056786,2777.8605186678797
68.15684086202637,ɔ,531.9159933713563,893.3289535613029,2197.6632112918846
69.3094418968052,ɔ,821.7421165963308,1068.9499356575432,3118.258870700655
69.55100322073092,ɔ,567.7641272383521,978.6279574768089,1292.2409434609065
119.1319131920169,ɔ,325.0712607584108,986.3065323218682,2496.477850153153
119.35721025767441,i,286.68226808292263,1110.153295804734,2475.3837744678144
120.48949190611339,i,256.08001246257635,1170.4431145346489,2425.5488103721077
121.53455570478891,i,270.52744877912403,1070.0724016855704,2414.8992651553585
196.14138242410507,ɔ,588.9044505005768,1267.6574000865173,2494.1157816562895
196.42280778497172,i,278.31122639812145,1302.5311027593507,2526.150141124136
197.3233119028277,ɔ,536.0184097120983,1292.5501854137694,2836.454831584148
197.62182312419304,i,276.87372679177014,1261.2450610837277,2493.100804349251
198.40655652422726,ɔ,518.0855236937906,1375.4704603180526,1945.2871173479116
198.67911667980115,i,288.66505496639365,1353.7206215157198,2517.0729891556675
244.58446815158283,ɔ,330.6657141268915,1030.1602399321519,2373.575485233525
245.67753739506705,ɔ,326.3484899708956,1038.572140578255,2120.7455973101964
246.73848064624934,ɔ,325.12851176098695,1061.2925599258497,2435.097480335311
286.93728561582896,i,319.85796634039974,1970.1761889533045,2873.6457111461946
288.00493106751355,i,298.20601099263246,1784.2974370926484,2735.8308385921373
289.0500224340226,i,290.70503302878063,1680.1645142527761,2476.04377920886
368.13051421605496,i,602.901454368198,2056.079317580185,2965.750389318978
369.3155702955198,i,246.690816279984,1352.1928296699505,2535.499179333143
370.42043655121233,i,280.6438762898064,1821.7433242027112,2635.698834921363
542.3320567718644,e,469.79357327605624,1850.8826784133691,2722.2611303429794
543.2379903055257,e,531.2870599650345,1883.3280603141923,2629.967579483498
778.0454865546772,ɔ,703.8409462327388,1191.9886175331487,3059.746153676234
779.158333881724,ɔ,568.7223209358363,981.8289312335173,1657.8449862044815
477.4555617580513,ɔ,500.0997888668911,1161.3347729104928,3029.034355113326
478.68513312456037,ɔ,502.3642422053637,1100.5892699080837,2376.421723414544
479.68963863031854,ɔ,518.6801170668765,1034.3262237688461,2415.531888687235
535.6945892628877,ɔ,464.72278357602147,1018.9073905058942,1747.3533968140996
536.9329832614416,ɔ,526.0531917431952,1071.850258769658,1925.0985450453518
537.9809854130327,ɔ,496.92684479894837,1112.6969553584065,3039.534692485088
851.5834921853975,i,412.6539488115284,2216.7094490797654,2588.6026765019624
852.7539789768613,i,413.01792055560304,1999.4749158853203,2407.39511781617
999.4157487355349,ɔ,559.7669996762646,995.2820357885886,2247.35125903386
999.641943865904,ɔ,489.00820561169854,1057.6329937344208,2356.9937511628586
1000.5684790348726,ɔ,591.1317306365396,992.3767846035772,2406.7712783040597
1000.7775313777297,ɔ,464.4662171138863,1072.7954502017064,2342.1832321023435
1064.1146056915072,ɔ,555.6618396738742,1011.2487745883692,2505.831246128796
1065.2624820966282,ɔ,554.286470737307,897.7676924881619,2035.6446525972185
1066.3608463973806,ɔ,589.0566450240708,1079.7126662730298,2482.3180407423883
1125.0098141514238,ɔ,504.30244508643733,866.2412009776701,2211.5128562016857
1126.0879443664921,ɔ,560.8804160194233,733.878778077285,1919.8985627906761
1178.4026908902447,ɔ,500.3516207627589,1054.2149122647488,2355.709661656447
1178.6441321915377,ɔ,478.02449767759236,1082.7027309155349,1924.306975177936
1179.6826607278695,ɔ,457.99176280093917,1172.4557276847506,2309.3106168172035
1179.8824819862236,ɔ,509.9460141680388,1105.231446730954,1868.9910057656775
1229.1200189796218,ɔ,623.9752409476753,1145.3819243676455,2902.7479518772166
1229.3575920657145,ɔ,526.1818958657864,1158.181858852898,1276.7452548860588
1230.3757898935291,ɔ,598.1261262429852,1182.1765740027406,1876.7673311893702
1230.6287150174649,ɔ,505.29125404877993,1125.3769667637753,1746.2967029886472
1231.5352958974865,ɔ,586.5962724806375,1176.8964158643673,1930.8561689436028
1231.7483219987193,ɔ,453.85823455816956,1170.8102149593915,2017.2933262367549
1356.472428202431,e,369.9880661256343,1020.318658857232,2272.983988511352
1357.6452259122043,e,345.76215735918674,1680.4383720844626,2618.954581947634
1403.9725772539832,i,387.7550493573124,1260.1068785885423,2345.062869000142
1406.2508049343764,i,395.4122272826168,1673.5418898028568,2407.6543752543143
0.9664663738256765,i,360.3840173081684,1706.8275642314075,2463.893842917948
2.2408135691609097,i,338.28560854708667,1665.4061552418311,2165.9677634000304
3.4341425694848473,i,417.59157634274976,1713.772826893627,2457.900338221998
192.9222837698547,i,264.0664330590139,1670.9184708274734,2590.684052409552
194.14439778240427,i,296.6590364678812,1326.3654283672722,2438.361258920909
195.18037104737277,i,251.50980865438734,1372.590631003996,2456.546260800569
262.63330375336,i,206.70169754743853,1491.528094196337,2389.0563837130107
263.9979249327987,i,193.2613695851026,1507.755044679411,2396.7330734945103
383.78153722587126,ɔ,417.5681415078187,1122.3958799203556,2363.709541000635
384.7020840548422,ɔ,472.3040819654485,1183.0888424484033,2384.62097730223
385.4713273925905,ɔ,429.0951646465525,1207.7467660477507,2434.075101331009
392.1839403239477,i,333.1336672873754,2378.4632775899768,2702.622579359443
392.39456914766254,ɔ,477.4235990683296,1176.6746726904962,2513.4740578508295
393.0257646266912,i,395.69226285852153,2063.427871328261,2522.2527974493782
393.2057914195011,ɔ,449.84540758162393,1196.3941379875773,2517.095233629517
417.4418588842335,i,263.7791332609407,1120.1478251527665,2919.00034630581
418.4863249243891,i,285.1422934132456,1499.1170562574282,2585.423619807729
419.31158279022407,i,261.83841409045687,1425.5539899487974,2545.8703015668557
434.8757200974336,i,211.31166492883926,1481.193047409539,2377.9567756484753
435.8966534591849,i,230.82628929647845,1166.2362990884333,2305.0112559300264
436.8092132467797,i,233.90178823338775,1174.9044651350118,2325.3028324121597
455.9714735168415,ɔ,535.0391461474688,1030.0056032791038,2237.128242119819
456.9326138847591,ɔ,555.1350517801405,1075.1765945058403,2301.8504258364665
457.7632915006532,ɔ,475.12499255194336,1187.4825831906298,2327.530130981851
463.83261010046397,ɔ,539.7382600165153,1296.4669859908536,1964.8153343602187
463.97421176555383,ɔ,564.9015527957428,1146.7017902399368,1943.6206426212004
464.7900959156642,ɔ,567.1682020329674,1075.3436153239757,1591.2267773399217
464.9788981357841,ɔ,478.6134458180669,1137.4172142218063,2036.018668809749
465.70086697842055,ɔ,577.8479620200258,1087.002461235627,2068.359842829603
465.8616224919283,ɔ,502.2127591126956,1107.4499529108994,1626.297009596677
520.0646176757819,ɔ,516.2455370888324,1037.7382343897664,2142.897284083162
520.2757888545898,ɔ,509.02275516030056,1033.6979760932816,2307.0932500464164
521.0804129605501,ɔ,509.01818296397266,1103.9328654589208,2323.1548245435497
521.2672826941778,ɔ,484.89112177164964,1073.8861846951984,2336.6118725113597
522.089570968329,ɔ,522.7931988487566,1156.714396504474,2280.4314599661375
522.2556304423119,ɔ,490.7159609368946,1099.0920667989528,2358.65148366555
564.9364136890958,ɔ,614.905759746916,1181.0445134801682,1583.087905096063
566.1533277165426,ɔ,587.2374623569835,1045.334439891099,1438.957380634801
567.4148861886275,ɔ,561.5789869365931,1211.0239827695377,2799.4610411365657
576.9386901335204,ɔ,616.0394820348927,1173.1777967237836,2810.0897756189206
578.0831733444808,ɔ,517.1311797411441,1172.7813385736818,1830.0513578183636
613.2516179726389,ɔ,568.6831040479812,1313.679857154803,2269.211246037862
614.2906069906143,ɔ,563.2576572995679,1266.6627885953758,2015.9837810029755
662.7472221155399,i,287.7677779347716,1034.4468640334471,2456.6982420819795
663.6216881898379,i,262.9855963978978,1311.4902589757928,2410.4950033710024
715.1285582976677,i,347.5664035519656,700.2456198633109,2425.0729127492646
715.9731663245782,i,318.03069474782217,1019.7803160305499,2440.3985628406645
716.7719731783573,i,328.17428327745705,2396.188833543894,3013.405928980926
743.4264880897417,ɔ,565.1848480914279,1011.0635805097237,2825.8170130029694
744.3729246813532,ɔ,502.2349979380268,1067.5795395290074,2000.223291329167
745.2639192529921,ɔ,526.0928243271948,1064.8610379497843,2444.304654010366
802.7610357243469,ɔ,542.5232988695028,1132.472442773082,2358.4034982246817
803.9393223805017,ɔ,573.1503344292796,1102.0020238123475,2463.89876428778
804.8723674682765,ɔ,598.3314325793942,1076.5746721232417,2532.137343573818
1238.1868413572918,i,259.52372233939394,1287.2769814527567,2518.163892713099
1238.35694720217,i,289.01419637095086,1454.1594330655669,2617.515025681823
1239.2026118210565,i,256.87881118169923,1156.1668069354596,2471.284863805282
1239.3927479699055,i,284.9779683401117,1218.0652055090932,2421.3990071228686
1240.0219920140557,i,273.7246570128555,1213.415981133609,2501.517958540245
1240.1952659356366,i,296.74720052299926,1192.0005465287402,2261.614956004585
1268.4964865512445,i,334.8989845673603,2403.657883610695,2712.9001247338456
1268.7122916324086,i,385.0567113059233,2319.131251957816,2387.0089349599048
1269.6365920686696,i,339.7208853300853,1216.2578020365752,2382.3372021652553
1269.837310101434,i,382.27092111745003,1372.3067697567099,2304.88328537959
1270.554246532844,i,349.93360854591214,2336.4450778335154,2524.631286374907
1270.7489543021902,i,428.45752032746185,2168.7888586588624,2506.1008484169106
67.17269023147091,ɔ,454.5724001555352,1503.1259767110307,2880.264691251388
68.29950234671821,ɔ,553.5250461878935,1372.0353989690934,2656.867183170541
96.39593805298614,ɔ,561.719637346862,1048.0498117192838,1673.7684598602684
97.42145883103723,ɔ,532.0852883780575,1102.2500988977765,2597.8508554288414
98.30886690066825,ɔ,526.3289229396195,1017.219963171561,1852.4187576279724
197.46083431239822,ɔ,550.2852409984727,1177.9529465422513,1717.1098962968567
198.67946067376644,ɔ,562.0283254487749,1147.6114658967686,1858.671275691438
199.6899167008426,ɔ,539.0042374407595,1124.9286683483901,1958.6114631190112
298.01619801742584,ɔ,623.391755304217,1135.3124339177693,2487.5173832942914
299.0806894286736,ɔ,586.8849598225693,1115.337192709731,2891.7177332577767
300.06335546604294,ɔ,647.373790772165,1179.7204833807418,2832.0465851052327
342.5238076749947,e,362.5633185184243,1732.877330912212,2590.42362299497
343.845688377957,e,324.57007827264096,843.2328827487781,2111.699375139217
344.9273766961304,e,388.23827131609255,1732.0095627490482,1919.2557463085757
26.325696824289224,i,275.92672470868075,1330.3011950787607,2469.845035721931
27.316552510442044,i,277.2403687111737,835.3727247144577,2435.9461178887773
28.262842049639726,i,253.87545139375544,917.7869228992209,2439.508810349779
204.7721443698698,ɔ,528.191114302341,1043.2669732248096,1935.1936082779625
362.3189122878856,i,280.92903937129967,1334.2893111332612,2301.3224443359845
363.6005464141317,i,265.12026818877195,1488.3457141197255,2518.0454462072476
364.62733216048764,i,264.9181871549772,1019.7656095271018,2493.784775269127
595.941720838244,i,433.9215316314878,1947.1454592490159,2275.498673509515
597.5300376826801,i,395.9465203547418,2071.9003639522216,2389.78150894271
598.7422377366197,i,417.1153949955043,1027.1879162637129,2296.934637693843
621.1639626036671,i,366.0224222347767,2044.9387708862855,2432.772201476994
622.2568096258052,i,350.19171485282976,2028.4766026292987,2515.640550367382
623.2774430744335,i,411.66740243074355,2258.7479304167646,2422.770906429308
630.5995932080191,e,395.8930556809906,1326.8532397595402,2338.76136251378
631.7194690528629,e,432.6615410759874,2093.869342492906,2453.884020199733
632.6463529582557,e,435.98135333651885,1268.996174298047,2270.226573578148
658.3626969294949,e,428.50016259117467,1669.4712463663232,2417.296658534961
659.2717743334683,e,421.85219179504674,985.1188499370124,2343.5869510250172
660.1075878494571,e,418.6013611573665,1304.7823901354004,2404.266816931932
672.3273442074516,ɔ,489.47294848127177,885.8020746571668,2248.228852871628
673.2008396519168,ɔ,428.3567559045002,861.9495597796242,1891.8385772830745
674.0559290112358,ɔ,445.3830115843905,899.9118022237666,1801.190016532102
745.5990235323332,ɔ,626.3479585071852,1184.0797320839242,1464.0676516130893
746.5437377507187,ɔ,607.5622418362204,1221.925460540599,2970.264857781932
808.9884919932604,ɔ,637.2717084591847,1359.0515965116317,2850.1047897174362
810.0812621972339,ɔ,550.5046364344019,1503.1553326717574,2242.56615741414
811.0794560893814,ɔ,510.8527469314058,1630.9893629606815,2429.3661318104155
852.9295907743951,i,300.22966022940886,2430.600861973793,3154.9556704859647
854.0455107540975,i,361.9158895253802,2479.951075837988,2943.5279547081054
855.0843264000843,i,317.49019372528034,2453.6911084121743,3030.7475612272783
918.5628245450105,ɔ,526.6562707087177,1164.545388980143,1619.9813657634818
918.8779427467135,ɔ,457.69437448020176,1122.383322227752,1324.7336536940602
919.7588414835158,ɔ,528.7013145154674,1198.8088132126395,2830.617098338113
920.066202137442,ɔ,417.56583468826165,1109.5371979124332,1728.5467998691736
982.3783607387665,i,339.646101249765,2037.7167188974554,2887.5630829564093
982.7003302131279,ɔ,506.29931811712305,1429.43093814929,2427.6020171059013
983.6704791296842,i,331.50440842607867,1662.9497149630245,2516.859124169408
984.0027005018696,ɔ,436.8483122047094,1228.4987461592425,2589.997899172977
984.8513560555693,i,295.8723384108242,1290.6550918225628,2391.6369792806377
985.185075780923,ɔ,473.7655984496278,1458.9858339166806,2354.692304124662
1003.2190075898545,ɔ,556.1860146848701,1080.274443870452,1549.3550635934475
1003.3224604322387,ɔ,578.4902609656041,1147.975885384018,2292.509399695507
1003.5219340821914,ɔ,534.4147892873397,1128.1377727931526,1611.06376084969
1004.7180114150199,ɔ,553.3210326750861,1119.1806527937758,2238.6280677844875
1004.8152548193718,ɔ,563.6080795663239,1169.0775144319432,2121.318791798699
1005.0138973291164,ɔ,562.2324260883478,1168.414717538356,2445.849598566115
1005.9949107078778,ɔ,577.3884666508527,962.9473920947356,1145.798975378166
1006.0999114028061,ɔ,620.9964145881828,1227.2181073493762,2026.1708735768486
1006.3033502492297,ɔ,563.9737057384333,1087.5721903961692,2815.8036608736447
1057.0060550281946,i,361.2996744816883,1356.9605507473245,2371.3494003960245
1057.1716716140872,ɔ,489.89274376574286,1144.397709774771,2467.4461996606387
1057.2571321299392,ɔ,503.2238905841512,1199.5287439771485,2852.4351232526997
1057.4368939046622,ɔ,495.88068940387745,1053.2950979477787,2543.8117919048386
1058.2394983858417,i,331.5452994283064,1375.5769904489364,2415.3509360209537
1058.4169789021703,ɔ,528.3786760352684,1140.0160038400045,2570.105702563311
1058.5158288099988,ɔ,577.2538655462155,1273.1258081465394,2525.5044788824107
1058.6895650116367,ɔ,546.8818920331478,1137.5302258236184,2471.966384198251
1059.2840733583457,i,340.07801130847275,1188.1920301025036,2240.6288194274616
1059.4416119319892,ɔ,540.1020394781498,1167.0349139390673,1804.9375861009448
1059.5375773307228,ɔ,551.9329154366384,1291.522906042894,2712.593254485433
1059.7106478764158,ɔ,531.7994999127774,1304.4299230077415,2326.7899911700633
1189.255576105107,e,489.66092995430904,2279.1810296301746,3078.092864769504
1189.3928359873726,e,392.2782410231929,1660.5264257788856,2224.9778465068207
1190.3264336427096,e,488.08659575579554,1172.4674103079276,2244.0047224418795
1190.478395388111,e,420.43151177607234,1671.738738888775,2034.2720223741835
1191.3291877277486,e,464.10779606126107,984.1061641768827,2289.616180876477
1191.4757043967243,e,449.206049602395,1740.4825817969204,2244.0768246693083
1209.2637131802549,ɔ,341.55975349459277,1026.3265816376359,2513.0159792698523
1210.4403215444577,ɔ,342.73660377085264,1051.4201093803936,2515.553837791237
1211.5350013230761,ɔ,330.0231180995249,1131.7831329298704,2572.0121306173983
8.747912587250497,i,330.04422732932596,719.5034768598995,2507.965918312242
8.989823868234414,ɔ,326.7971884562741,1041.7412787456578,2642.842311234003
9.872224709861662,i,322.17051382724776,2442.3230868129317,3010.4844449723137
10.099239539757592,ɔ,309.15796173435876,1061.3065944632338,2372.8016223064496
10.794561708915587,i,310.02792942114047,2415.2253118718577,3141.497640070035
11.022435955273203,ɔ,323.81610859937837,935.6745383682762,2411.737031647264
28.03083024250121,i,272.2410464980483,787.497342919819,2518.514123800016
29.136521204847476,i,261.3694343717388,902.1663410743763,2417.8193972882978
30.126313658962893,i,268.0967067546919,915.2602156677647,2467.020546569289
74.18650728772354,i,309.9568540378055,1911.0555892654204,2514.3917820298884
74.41062958403386,i,331.2898516506477,1949.3514834718994,2697.7417539164157
75.32779838630444,i,323.5658831843695,2373.057780357378,3023.66686587048
75.53160392197141,i,288.3635835128343,1350.9649347638174,2483.030039298939
76.33029959954946,i,303.87110983286465,1703.914288966283,2452.178757867187
76.54608750342837,i,264.6691352220291,1740.1501427010726,2439.2939559560127
119.42432747315401,ɔ,396.48852998775436,858.1244061550536,2380.448499863482
119.64960880522591,i,269.25219073434585,1209.125183649781,2442.2988912338337
119.82962047296479,i,311.4495902780464,1000.8254756412932,2347.1620295012494
120.72219296719375,ɔ,343.4256679280305,821.3218751247484,1940.2708324086223
120.95466596170652,i,266.1327150484807,1292.2461258045198,2385.668199359082
121.13493103796006,i,307.9762361294099,982.1107741269886,2418.6605380110404
121.98417671288912,ɔ,340.0060056631868,826.9381575307618,2188.506218379422
122.20723756586924,i,262.5871809130437,1251.945297059911,2356.0333505023887
122.38203866482854,i,316.0062165670228,1015.4162757296083,2460.318956570935
165.36502008999412,i,286.66288961209256,1740.2088291496468,2750.904515868727
165.5973299723025,i,251.03281445330046,687.7134743434781,2391.6580026236797
165.767190404469,i,281.45753205620997,885.9471694629312,2452.346840645341
166.6284021993602,i,260.5574532010972,1180.6722656985053,2493.276315889188
166.86640827239705,i,249.0305152891109,926.031508155999,2506.632768299919
167.04008579292685,i,271.6936162653646,588.246554466718,2409.654399417752
167.78593791464283,i,316.05811772417144,2442.5914713125676,2896.896056530701
167.9983567035724,i,263.30280616490495,2433.6046525328193,3081.9785969330355
168.19130231710272,i,204.2051034760569,1116.2712703712766,2497.3685541246064
189.90443411156457,ɔ,586.3887948672116,1228.6245126095557,1613.9694928739266
190.1553068093886,ɔ,524.3135902904096,1209.3404069598487,1457.1665637762912
191.12377298611517,ɔ,493.9510507941989,1037.8729687328623,1728.0053940844612
191.3533523813848,ɔ,495.60325322219074,1191.0432430586031,1456.0692368988282
192.14789420384815,ɔ,505.9167029249283,962.219908122873,1532.8138770206513
192.37426753012068,ɔ,481.08411476495,1082.1649467783943,1785.9183646744668
238.05445906066583,i,293.2019449615365,971.6091851805129,2393.1534578271617
238.30155396624767,ɔ,481.8903313578146,1216.6743199441903,1265.8912932253108
239.0517114807226,i,322.41971827530637,1894.4552860420958,2645.6070723484772
239.3155646258503,ɔ,460.6534080884218,1079.1340552659137,2200.2792092737545
239.99115676965351,i,276.0198955511223,2061.952141671057,2565.7386040733013
240.2155646258503,ɔ,419.1889759447307,1125.8688324675923,1991.3484645665203
260.96756462585034,ɔ,536.403981892331,1073.0544760223409,1678.284702328345
261.1417269781682,i,296.9129675966746,755.2693926523909,2417.793483280714
262.02484500730725,ɔ,542.7599908429623,1285.3030182953,2817.9722920842
262.2376476835608,i,335.76374269991095,819.7334772521637,2386.131361004645
263.050818311288,ɔ,507.0930656176839,1274.304104068731,1607.6826485544477
263.21786857133895,i,330.2313548820869,876.7558591236476,2425.103709258979
312.91733217627603,ɔ,598.997556739279,1182.6071047540759,2098.8067360878586
313.09221023266207,i,357.87088830713355,1827.0519361327215,2335.2206612841946
313.993566136541,ɔ,534.8586464895086,1238.9100776406872,2253.869184456063
314.1656121596252,i,345.58633879435365,1549.5493676467222,2385.4998801217675
315.0641139783574,ɔ,572.163112399785,1155.960653934381,2326.652714772964
315.2545682179033,i,407.1801709388535,1964.5208963866041,2356.4756167336104
361.3004965130783,i,365.88807809570017,580.2191489565028,2454.3229687768976
361.528429019417,ɔ,590.2252934058446,1216.321378795654,2339.2867193521056
361.67190844571786,i,395.22007407357324,1463.236252392222,2483.076467642424
362.64907778081727,i,368.8651732900017,1413.6691042762384,2169.0354244836803
362.87002665801685,ɔ,556.8495103776573,1316.957724683354,2389.7659819439646
363.0380247204577,i,349.871576638617,1666.0283630590739,2598.752063750228
363.64451718743976,i,359.85057844529723,1263.4496039092019,2650.7192608421415
363.8607243458125,ɔ,595.6832696627547,1175.2186133966895,2356.8227859468984
364.02916876132815,i,359.1528659734602,1508.1780842745973,2536.2239970129367
434.9006678170237,i,277.0178103553498,684.1371993367512,2621.2369838250115
436.1084828447149,i,297.4889474833237,713.0775930862309,2503.218256975195
437.20399902247203,i,248.84226478390642,1167.2045394743927,2565.3096022658046
459.1650518992657,ɔ,418.5791858058162,690.2874931329344,1898.4013103634295
459.3778120491238,ɔ,458.35405598738686,1481.6240570161308,2147.7614798361988
460.31344348904804,ɔ,503.0141172863895,997.3358037549335,2038.0978317703127
460.52250287977654,ɔ,347.3505125131746,1529.0638130869172,2381.8048243810654
461.2469622296346,ɔ,510.35108600130604,914.8699569532536,2124.3131518494247
461.42546629169703,ɔ,416.3026302305935,1627.1615687786502,2391.2327008430093
511.70023079198086,i,375.3709237791327,1692.6164474253965,2378.0553729397366
511.9257948714511,ɔ,473.6230043791481,1606.451749822281,2448.6223296002136
512.8985413009687,i,403.64222746169605,2473.861583922724,2612.978112787421
513.1291537876289,ɔ,522.6743471713955,1514.829332751418,2461.7647306178883
513.9915449777897,i,345.4765433446213,1608.2751110965432,2564.586745880655
514.2177640884804,ɔ,528.3450398421905,1559.005270189979,2227.695240187288
584.7162935355948,i,353.4437828099574,2049.8634773385343,2455.1352499368745
585.9317040695588,i,219.74696415010285,2242.654323702322,2556.8427415283395
586.9811607416498,i,287.7672597027496,2277.6241820150685,2672.5401775597493
649.0304014362057,i,304.95414828736995,2298.0416861875583,2641.253664517885
650.2205037096617,i,266.4828885551602,2325.214859633998,2726.3507691720592
651.5262125092567,i,266.7194578909321,2231.783667460229,2596.85369075273
669.3218874867773,ɔ,330.1347359479126,848.1483841280433,2234.344865108342
670.5935098443933,ɔ,317.7024544015149,840.7461825124113,2369.205927936511
671.7924703681397,ɔ,328.54319301657927,888.4872127107317,1984.5652969738214
0.8787938253277048,i,271.5512332681131,870.0929023447714,2530.050123118332
1.5144930374374495,ɔ,304.0429688827,911.4773343780532,2526.557435159955
2.3160625239085944,i,273.80351931279057,753.5643176249043,2431.8627008976205
2.932649770833854,ɔ,304.8316537084533,927.6191604247326,2203.8012539408687
3.891015009812095,i,271.83166807028107,949.9124795931688,2423.5382161180237
4.5031260137856055,ɔ,291.8601054695228,856.252667489123,2169.8383719768567
70.91528710366262,i,328.19522649264576,1050.2480736533964,2453.600446574454
73.46808898067303,i,327.6981185116563,2144.5917635531814,2673.363111674085
74.70169920129743,i,273.67946463838393,2559.411886460812,2691.988405762934
76.04983384349234,i,288.074691315661,1114.6132169334778,2443.4064263098094
97.44137855948098,i,326.60078982454587,1384.5786322730478,2586.5583512214616
97.63595771709689,i,255.24622632565044,1166.6068118109135,2583.3421094012833
98.98877835815647,i,270.1630555792338,2366.6158984665763,2625.9089790743114
99.17669751047436,i,254.51910042280724,967.311332972663,2581.1766838905537
100.2372365303419,i,245.40120596442085,1719.0303209318056,2644.6805126321115
100.42718914491144,i,258.4139991475574,2035.2629442475031,3247.378874077254
152.01884937272598,i,245.12816819085424,1054.935787167887,2643.086589821727
152.13694051974585,i,280.8703229258555,1270.68583880506,2597.7352419847653
152.35112842967962,i,299.9569997786713,998.5510997120849,2613.7333743266336
153.20724062040813,i,283.48063906632524,998.3039468563168,2478.3037379062152
153.39237412277328,i,253.55145328743964,1158.2577800596246,2594.1755843866854
153.58036572466546,i,269.93813395470005,1151.3343476405225,2525.5324398323855
154.40475108095683,i,262.31021882925984,1085.4938887109008,2700.4034611167813
154.56030541208267,i,254.741539905566,1107.9316162934626,2595.042653471009
154.7625495293958,i,270.2010447811614,1595.408902650402,2599.7895303420128
224.37392296213,i,339.9538306591877,2353.614977391396,2786.027468821127
225.59678759789156,i,327.0950392036483,2357.413742438526,2817.685758736387
226.62927923232866,i,320.57064348757314,1607.1641110839842,2765.853072849665
247.0159698636648,e,534.0260456439236,1798.0628669096125,2200.9622241805273
248.25611645768345,e,547.9349703351124,1275.9929387953855,2268.654374881087
249.28491508322742,e,522.7991355046529,1985.9034988338349,2380.8471940914683
294.6625836401419,i,329.18311750912284,2284.4248714193786,3243.15358083322
294.9016972903097,e,424.15190916878106,2336.236666646428,3097.7334664570185
295.80719889628324,i,262.5544232781117,1719.0910818571879,2711.041442178134
296.05201365806187,e,385.29433468665763,2234.7318104472542,2438.467243308
296.898097757055,i,267.2009151945602,1787.6340419061505,2660.108037932131
297.1187770194992,e,361.8936643526493,2282.554156111936,2333.2963943720474
318.3145857466144,i,323.28638559400656,1143.372797067856,2422.594541158761
319.58155102040814,i,285.43222335870627,1573.297808412154,2592.3567098182684
320.7632538926881,i,290.9635357346131,2425.7588491828756,2612.6830892510297
363.17874918609346,i,308.81753190925656,1763.7129424052125,2455.960969711457
363.5975795226044,i,290.17727089123736,1642.4038936453571,2642.7927142236226
364.412881775375,i,288.4448868630376,958.4248404049775,2549.6450571778028
364.88801692769283,i,256.1956629745189,1052.4682627062991,2441.566379202756
365.6227939343155,i,275.33793228417466,1086.867419336888,2501.8045536564637
366.01450275550746,i,271.59102223576264,1593.6868685183827,2563.138156753644
386.09534327128955,ɔ,628.0333395105076,1066.211073710848,2801.968321221359
387.73586621673905,ɔ,601.149029059259,1132.1169528663359,2596.903399406565
388.99322986364814,ɔ,665.364603741597,1222.0321494169414,2759.18103810089
460.99458487168533,ɔ,521.5628114944369,979.4229607959397,2416.9539987354865
461.10080151198804,ɔ,607.6980166283572,1411.5584869372374,2458.1739330695937
462.5150824429247,ɔ,518.761517709041,1112.447328476377,1821.0987566118317
462.6099555585349,ɔ,577.1180969491354,1447.468671033346,2215.259421043692
463.64122821700226,ɔ,475.8878538426684,1165.1784637576895,2220.1530557801266
463.7378302711177,ɔ,495.2676263051626,1362.9594259691073,1717.0148386418748
503.8700004256857,ɔ,512.738364874341,1209.4844517446809,1543.7990113676276
503.9847699015007,ɔ,549.7903720881074,1867.1740975740174,2427.77065216828
505.3877651304541,ɔ,466.97045452490823,1173.5722553404935,1308.8087559416674
505.4931701788124,ɔ,497.1948652359496,1764.362650945384,2879.880176532351
506.69723626985643,ɔ,435.9103168534219,1184.773534998865,1650.4339436257217
506.7956631587451,ɔ,534.0357486640837,1752.2900341907616,2846.1693892062517
540.9836356251642,e,602.6348690950458,1918.8632977065606,2845.7219132219275
542.693775383915,e,247.60463826263816,713.4017075756856,2075.4151424691663
543.9579091072783,e,569.4783003452467,1910.2812567001858,2804.0916034405545
592.5824355136766,i,346.3891494373515,1338.738028010699,2476.3770234609638
593.0315498466036,e,580.5540154459602,1928.3051402391475,2323.685227904999
593.8695569362235,i,325.55403840794725,2159.398047241774,2571.9664971749844
594.3223664703496,e,568.7208209970207,1836.809251939021,2330.030643061847
595.086440039033,i,310.80079626265854,2216.0240178315544,2590.7473421920226
595.5526992281108,e,511.46055152580436,1824.0566266767942,2466.5231724775535
623.8225083320449,ɔ,411.1776664333882,983.6588824742039,2729.552818400784
625.0338612720639,ɔ,382.9097953923812,922.521968366019,2625.6973397896168
626.0661650907306,ɔ,372.47327416902505,879.7784112245935,2089.0733529381555
699.4408849884838,i,282.89780323009256,1325.8706199495184,2568.721295156569
700.4520573647507,i,283.50810202721266,1512.8551026206587,2653.1192825050052
721.3127674593864,i,272.86528400148455,1337.1486245392014,2590.7875054740207
721.7557099965322,i,297.8055145798718,1312.8081221866487,2601.072439461789
722.2785582978772,i,265.1019674432269,1120.1839564369416,2285.6477716407708
722.744946624405,i,275.09380035890695,2212.486171762828,2560.61389477527
723.2862067637067,i,273.1383301739678,1934.7897672956458,2658.2624460467277
723.7430704353496,i,276.05411084628264,1822.3124055003218,2736.8291330765255
826.9783214302474,ɔ,355.818303047317,763.8231408870781,2003.8032974898576
828.1970769723475,ɔ,342.09044681324804,763.1978819826593,2476.438178357551
829.272750800899,ɔ,301.35359400308744,882.1474501382171,2416.218842057549
852.6102755222057,ɔ,522.1438822420626,1024.5917691008956,1413.1545684437008
852.7814002601433,ɔ,449.49605531047933,844.971853445613,1846.1478980990487
853.966858065831,ɔ,493.8238789883437,882.5855575408184,1853.6782005038194
854.1449024208978,ɔ,443.4784317153272,806.7327591346207,1883.2468852685097
855.0290436942375,ɔ,523.5064564798811,1070.4698877864805,2395.211019481337
855.2221162672067,ɔ,455.85541315564717,914.9599006942896,2350.5597656707496
877.6649818018651,ɔ,447.67003895789367,923.1752812326727,2006.8743332675638
878.8005624414111,ɔ,436.18351734966484,940.9491911319302,2410.3726121915074
879.7076371661036,ɔ,388.0638209425144,923.9152155473219,2253.599990340862
881.4357486968509,ɔ,499.35132798324867,983.8901914834241,2114.092058950998
941.6968616566524,i,297.0264499652707,1714.190218669452,2469.6099378342265
943.0221894803032,i,295.0141089819928,1720.023681535339,2514.302535300979
944.240735439251,i,292.0415749891476,1213.6720600668943,2459.131340128168
991.3250896936343,ɔ,566.6451527522044,1197.6258048588084,2170.402339602303
991.4570870718746,ɔ,459.5436829136793,1114.5572415369807,2439.1207803842926
992.4675451865387,ɔ,570.3475091885232,1170.7257519943319,2263.69736673421
992.6503498578727,ɔ,486.2318044839109,1183.4344844635625,2393.8634014722084
993.4391502817136,ɔ,506.98187456949114,1190.8492730227865,2370.2067721062494
993.5872163706447,ɔ,378.79587247589495,1150.4692118932794,2464.637652956996
1013.7305422988868,ɔ,523.2517105392636,1073.1017340509989,1766.4976415110837
1013.8925288568687,ɔ,516.6527807029866,1128.9002800803244,2469.7075139489652
1014.697283071544,ɔ,538.9381517998678,1093.7913141856843,2323.1526883872893
1014.8661445386202,ɔ,510.66970792695105,1163.006840389066,2473.060183940831
1015.5950665554896,ɔ,542.646093712778,1125.8033190651947,2403.3536248081537
1015.7500087686464,ɔ,510.58627402875896,1125.2929956597989,2384.39419781172
1093.667208565913,ɔ,638.7395850584979,1025.512579172931,2831.280763485775
1093.912822342682,ɔ̰,438.37655814179266,1047.3246861933476,2333.718284044244
1094.989492507726,ɔ,593.4097965644081,810.5777561358541,1688.4500794524452
1095.2220695704386,ɔ̰,458.64705785393147,1045.965726499307,2524.5083359977125
1096.1009197030949,ɔ,496.15900184982786,1115.7097719920348,1911.7691108092624
1096.3091664996891,ɔ̰,448.32184684164287,1072.8105382433682,2349.6319081044644
1122.9725526264633,ɔ̰,436.81224082680137,1060.4605633518672,2226.2049624151928
1124.0863597878633,ɔ̰,377.7884386799072,1213.1397605686373,2450.272860387927
1125.1050053371537,ɔ̰,350.25199849875634,1171.4255797659744,2154.5439641969692
1183.981070081903,e,286.9654729578128,1047.626497034157,2689.1709676537193
1185.2583540569265,e,350.28149516094334,2475.195141280995,2533.8875306112104
1186.2917132940124,e,298.02984268882165,2446.172460336664,2657.913835744195
1224.6619904467088,i,412.20837825584977,2424.0438565073027,2849.7396668688884
1225.8249186858766,i,354.4037037669167,2385.481707105209,2953.35949946375
1226.9177279740504,i,338.25591089319727,2514.000047436565,2765.1061842997924
1277.1728799891875,i,377.81859756287696,1047.9142380041944,2346.4661591799368
1278.3907323259898,i,365.9202100484558,1258.4568700502077,2400.2982983691254
1279.3645318188944,i,369.8451960428223,647.4319023260074,2478.863018302069
1298.8000109979757,i,378.929812434199,1512.4233710739018,2376.4292176573854
1300.3734574181376,i,295.6220547952187,1346.2014024668827,2528.958729685337
1304.3886832784972,i,312.61159023612726,1138.659613972807,2590.3464562592076
1322.8597686078833,e,410.4308155875927,2417.160519883687,3029.55221096225
1323.278492139364,i,342.3556174633392,1267.7942049176675,2433.9416877840754
1324.3990522400209,e,407.5620183224485,2354.0152039045843,2897.0854691389727
1324.83658072052,i,327.7145049578696,1199.7632108718415,2330.917681375727
1325.7159328699163,e,377.055215213608,1310.9924922672537,2425.7516359969354
1326.129931711258,i,315.6320542645333,1379.4729619600043,2442.94369985737
3.4185316329770217,u,324.46468470278785,1537.368174604017,2564.1698624479295
4.558563318702497,u,305.0939294595361,976.2131145890782,1874.386157442279
65.0137635415496,u,298.69075606644157,783.0936613257275,1040.4786600032676
65.24200441499566,u,275.7664080189572,976.0976467234227,2076.2768127658483
66.23629891395315,u,316.42728543121166,959.7181218594847,1158.730238399568
66.45018026224865,u,308.44576794270455,1212.8869665054717,2235.032541816882
67.34715649615869,u,297.76127149984717,1244.4553598237842,1308.9255053157808
67.55261836294852,u,286.7743056156186,1206.5596907610184,1482.7391003724229
80.36450613801262,u,314.832249764709,949.2492853601834,2288.391131991082
80.59411224393091,u,307.3459347646994,897.2554184847721,2136.4623105095498
81.56701502366985,u,291.40125315529485,982.3733051859136,2153.4260391658845
81.80052599533505,u,308.13725923157216,787.7729985256592,1960.3453629891342
82.65756037303204,u,276.9955319626007,860.096374814573,2105.5183500734497
82.87307177306388,u,311.1201257105232,827.8139781278438,2202.174107945246
191.55047511496497,u,197.4870418564459,1020.3271397943936,2039.6664211763723
192.92082185944471,u,201.75112478484033,1268.255366126247,1911.978319186984
194.0615220649875,u,266.1360167143678,1328.5586887800396,2195.978663051363
263.17672229461954,u,257.1938633762579,1260.46813842475,1949.2659561483251
264.3940369718148,u,238.4536421839913,1015.2215761604876,1989.0621143925775
265.46640625814183,u,238.3834796371523,1212.2932328734978,1933.6860438096949
615.4817959696338,u,266.07630311925544,881.9857366458571,1904.955710813726
616.5291361316765,u,248.2264856009317,1037.8459322930016,2419.8238215602796
32.01491905536777,u,305.73114458654754,1206.364666981396,2522.4097521189256
32.186482811911446,u,287.2851385845452,1166.7425259478698,2512.404147159088
33.15086871446877,u,276.13728821944306,1191.918962473037,2454.5557718129144
33.30771246933999,u,292.64789188260266,1220.108519799133,2596.3938194275643
34.09978005149412,u,262.9371669797131,878.9576755145849,1770.7186507372776
34.29502691916609,u,269.6608035564939,1439.4361196349014,2482.342302284713
87.88539052304357,u,348.7995359455868,1415.6749399126634,2558.7680575841127
88.9560721082428,u,281.6983232955412,1426.2125029963786,2561.11718719975
1020.4153448318355,u,361.1992059016353,1015.7731384803324,2829.264304684093
1021.5749165187597,u,280.8743188407464,1157.2117586108361,2529.662215034273
21.916195103842817,u,331.12679236131873,747.4647229650768,1610.99972811613
23.32861046808123,u,395.09324526980237,855.7693696946545,1850.907880654218
24.393218982745374,u,378.65066582493233,510.1090838328138,1344.1547711866601
68.30157285067348,u,567.9809508110757,1071.9802205734877,2460.7025109851365
69.79188670639988,u,289.1759238863535,1082.9117883159188,1721.4472330347187
171.45718126089105,u,299.4043904737471,1071.7874355606564,2499.335530518189
172.48626753525247,u,277.80418781385237,918.3741605199928,2359.260985312179
173.40694702512948,u,266.27096015861366,1148.3456179516293,2412.3312897367528
244.85529937702802,u,261.5486989490044,1095.0640370413632,2206.561886491492
245.9424094394446,u,240.29676810458295,1452.1902005044699,2193.663664391525
246.9897654896003,u,269.72815919588334,1146.4450472365247,2192.6624818294868
342.7867289903065,u,322.1278046658623,710.617979356496,1691.9431431716002
344.10190251685765,u,337.1460628694901,791.1909992127955,2098.5490138307014
345.1525701441302,u,324.318342208787,766.3965812192,2225.0142165053835
26.568246130553774,u,216.09224346044283,840.6404981680938,2156.210822535845
27.556733050771605,u,283.61060527430556,606.219989997612,2399.354554264799
167.52149213287342,u,326.51916184069273,979.5450996533202,2616.146453557784
168.779530436837,u,357.7319897049594,961.6505590334622,1877.3311731249205
169.78833120876692,u,348.90331652757453,885.0341946687199,2685.1963654958263
273.12807094842424,u,305.23800404968716,652.4826562332994,1735.2369728103351
274.19562351007664,u,309.7155073883741,724.3530269273872,1622.5237857452853
275.11267113605857,u,375.64709577249846,868.7680292803559,1897.8182201133454
317.6208682830735,u,326.5913644795652,924.4867211319877,1801.103438542423
318.86626525925556,u,335.3557675099456,1458.8277708108737,2337.417440824158
319.927194379546,u,279.6632651116959,1075.5675501510605,2129.3807581781666
362.5718543228428,u,337.3773742498703,1254.536987699219,2137.283407732721
363.85644459246964,u,328.9560539913538,972.9655512634442,2079.417472118927
364.87990533348477,u,319.8610451190507,994.282271221572,1996.4053658687797
411.7458623036016,u,347.70180672924215,424.292362032325,1772.6739363284084
412.9920264462268,u,349.2348321611056,513.8361471447938,1859.681658983238
414.656467599935,u,290.8726998268565,659.9812531226144,1970.756887931522
744.1679179489838,u,468.52267255179504,1209.715236190162,2456.005356064697
745.8022320303465,u,474.4398741398047,677.178372314414,1385.5074249967406
746.7457081267753,u,460.0082600148493,1176.4473593648172,2489.1388356847865
918.7672625756634,u,399.9315690706508,1115.8093894570854,1602.3351792040803
919.937467754093,u,417.41060121374227,1174.0006260286966,1315.2875272742303
982.5910198842727,u,365.5329156710714,888.1613915437102,1772.2510506251438
983.8768597177636,u,329.26355062584264,991.1639041199231,1991.840437646739
985.0565847636744,u,353.84265108094706,1169.8635200636215,2049.806724839244
1140.9638559072237,u,497.9969038258009,1519.195348358019,2242.868795730289
1141.97239863303,u,513.9031775311886,1569.637649949708,2187.795664624746
1142.9123663647783,u,521.0461337880109,1494.203376440397,2342.078470246871
1209.0703909387144,u,314.3684500258883,1171.7218163708371,2494.4360117462898
1210.2453563376916,u,330.29574495520694,1047.0075178626455,2419.3077173182223
1211.3373411582847,u,292.6519207323468,1099.7396108063347,2497.5246013475657
28.27102976265258,u,270.37765586800725,1290.0078714397712,2586.791756878008
30.354995407307264,u,302.1948874011136,1126.2909934195861,2485.603549554889
260.78683010929404,u,375.3860424101111,1006.5604516983552,2319.1757997269888
261.8664358402307,u,335.3789366902617,1107.3692852513072,2429.7458581492774
262.87768343911597,u,343.4641898837963,1148.2777221549918,2497.3612559047992
607.9398711939663,u,320.00355471997796,1127.7141316122425,2576.70177828541
608.169128910823,u,240.18008541897558,1330.8624782875459,2334.9409012552774
609.0477235931385,u,309.77275716479727,1308.9603024179505,2324.7335044974193
609.2759520010625,u,195.08718878272364,1082.6879735429748,1916.327238327064
610.0672996541707,u,214.0780103940308,1088.8728557249503,2208.846948535008
610.2635703045148,u,215.34335530881046,1151.8451203363368,2307.5169110524484
649.2290859477635,u,321.73465788883544,474.11863067152393,1132.8147662517463
649.4204344158175,u,288.0192491383066,1147.1921391785597,2321.4445090578133
650.4313944679748,u,328.23796825879947,1141.1306998462667,2610.4625251220186
650.6196862512356,u,344.4960618567154,1297.4629756239224,2403.7912648367724
651.7267310316902,u,324.6618505479359,1125.7885478318851,2589.209470195213
651.9193021736616,u,260.3364642285997,1070.5908571254733,1836.7820231589035
318.0989352277875,u,242.29002996148532,1203.8970224303746,2373.4074120198466
319.3625015505879,u,230.65704950835388,1327.257558831559,2333.8386375124137
320.5321330480335,u,283.4368217489659,1183.5800602663207,2664.1907089127403
363.36529815655155,u,346.46451124032046,473.4012117835024,1502.3777345533974
364.6256378018651,u,195.8612157187518,1458.2415861306422,2615.4449093238295
365.80250932504396,u,230.5191976045741,1057.5115464505457,2530.053401703134
540.9088634140543,u,439.6043270066616,1599.9817328604588,2282.1369042364495
542.5922606949708,u,371.4965174939965,1474.8755068557098,1999.0064503545227
543.8623919059141,u,355.45615163562496,1556.116251707819,2110.7286043373438
594.2143568567049,u,458.0061000688929,1268.3157298759736,2078.906089883409
595.4575519413909,u,385.1003771053897,1482.9509849615538,2524.934274238212
623.9896290798215,u,296.57157712347583,1015.3190368628061,1798.0464579314155
699.2979378585422,u,316.572573418208,1221.613688597408,2500.6605348613757
700.3267836955433,u,329.68462571708665,1372.750845128549,2561.570291750835
701.3084447748315,u,296.49441282547144,1395.3614710879647,2517.082018246421
721.6378463771217,u,341.0177981818397,1416.8979689748346,2562.7126075913916
722.6285238283958,u,293.8759806687468,1355.9358957348297,2562.316727000743
723.6241195450765,u,293.5388961100613,1239.0303742769513,1594.538963196772
827.2133801942965,u,334.3715729669213,1080.6633537251055,2219.1438680438155
899.0728565983171,u,221.2632509520501,706.4362140208816,1889.6859234284318
1162.9597469106639,u,319.45393308966464,722.1163543686089,1804.5420961839282
1164.213804477362,u,225.6437505227396,1302.400776197352,2492.0699466977294
1165.179676462225,u,273.4631140211219,714.7219328140432,1849.4505553823083
1184.2275666571159,u,247.7330282539914,768.7120374267332,2024.8191016635378
1185.4718495589132,u,303.20003644516754,811.1942225156032,2432.0682169831375
1186.5041773575886,u,277.5451040070189,878.357830966261,1733.431426199353
588.4710394963402,ʋ,376.8198882954499,787.9462128094908,2581.4247292138034
589.4798077356312,ʋ,379.6763385237386,861.9422568074012,2763.3214894679563
590.4742159537811,ʋ,327.31821586084595,794.9582359939428,2719.5531875550982
186.76016523301513,ʋ,661.3079994543762,1805.455338400741,2722.347573309447
188.04172100625993,ʋ,314.461999852669,741.4005939496799,2270.904410633648
189.05270687263828,ʋ,317.9460480418461,2194.5398179162157,3551.8642672847473
455.0351109317559,ʋ,475.98216693284513,1591.9635471729114,3258.64225860894
456.2069285784107,ʋ,381.35288345924045,1169.6367695152812,2347.3934783595882
457.2373430268679,ʋ,424.26684066818655,1496.8442068203587,2893.7733906515605
700.6424338210748,ʋ,534.0806446025719,793.4133563374443,2438.0947120487363
701.6883687947743,ʋ,585.3508816412889,819.6539102506011,2447.5990323112533
702.6074251671491,ʋ,408.22045158593,905.4534821834466,2376.2013972004825
625.2047375422625,ʋ,881.2134032504843,1707.0291034619402,2918.3212252499075
626.2214962221478,ʋ,354.0607275603148,1232.6999216293227,2916.357572000985
676.8320207256822,ʋ,332.8189770631137,1376.2186928392518,2722.5476154505945
677.905524760427,ʋ,317.4160153599794,1393.4027397337304,2834.3257181048716
678.9242730423613,ʋ,322.6284291553951,1306.5781773705635,2840.88974892396
828.4094794699823,ʋ,310.0708367504741,1170.4340124386483,2770.9739933628643
829.4931595710978,ʋ,313.23962880774553,1019.2958524533992,2722.4387051842987
900.1328721706682,ʋ,322.05131362621165,1492.2648735574085,2811.767188227106
901.0186531170675,ʋ,277.7620888684552,1719.7895079225618,2693.429935196858
966.0075278574943,ʋ,360.41833617861846,728.2226383525715,2493.107481825287
967.1550133992162,ʋ,327.898516706501,881.2188940506446,2575.9414638303733
967.9546364156454,ʋ,299.57179348878793,866.1141037667146,2408.544238393685
